26025407
73623248
81673250
97781846
202953443
241631263
261558016
273625689
289452180
316298657
339857481
360778170
374213535
384924038
408100126
412439822
436934264
438634924
439752385
444862787
463888212
498797938
538834129
553295868
559398402
561191696
578767458
580032211
609847634
681229223
700990783
743328889
746388586
784966558
824015191
875788313
879725347
888025146
900113913
927062983
980314998
1011971075
1046393715
1157305041
1199383634
1228074897
1237972088
1246260952
1250590928
1288346050
1299469450
1323515963
1342564013
1366398827
1366431784
1387235392
1406526125
1412906184
1418953399
1421345432
1474972683
1511465104
1518886256
1520023957
1536148344
1577924289
1580382890
1581443648
1604308621
1639612978
1649283260
1676719956
1705987780
1752275878
1767163889
1773743173
1794200528
1871584822
1872257728
1874524660
1887786405
1894487226
1910402844
1913889066
1919972345
1920332351
1948201670
1952309904
1974672194
2014792243
2025474416
2041987152
2047819033
2047913119
2050177622
2052749946
2099114321
2129480587
2131631132
2138385647
