46679010
98970750
102652325
125971663
129329531
141902809
240603719
245160834
270588439
280613933
313698154
362455204
386533954
402971221
408331683
437210510
475055769
542257615
568942945
599200368
603167879
608102704
615405959
615957242
731575652
788346120
788726727
810377650
813398022
850192636
892721679
894715826
902548544
931474666
933672312
944234979
998193845
999408654
1052884946
1062995752
1064960067
1092528148
1104491999
1107884474
1139312527
1154327858
1186708966
1192306653
1195144086
1227747892
1239606375
1240357558
1250898741
1262908824
1297667295
1343121658
1363923658
1380166341
1388172792
1411524613
1417039161
1434949556
1445193185
1449026582
1491195759
1509188306
1526171044
1534932237
1540431334
1542973142
1543719296
1551855670
1617973607
1624590929
1636552692
1714134175
1836220284
1842586630
1849378319
1876797666
1901310925
1921564067
1922192821
1926370961
1928381891
1949926640
1950936335
1953368349
1957088753
1966597752
2028244723
2031523395
2038825351
2059741973
2063798244
2082944256
2090015503
2098808644
2124930331
2126599722
