595714
4038233
5918020
6540312
6915772
7284394
7304438
8260081
8369202
8658205
9868993
11045720
13539691
14019353
15626238
15924008
16609217
18023183
18614911
19382849
20645365
23495138
32470745
35284757
36178198
36380196
36919165
37687055
37796126
38216831
38549543
39376182
42504792
42594766
44087792
44768563
45615032
46065966
48770963
48783763
54239916
54915514
55871404
56698140
57541354
60663003
63296442
63960685
64486971
65111733
65320088
67194860
67645133
67795712
68704642
69567974
70402390
70924585
71280917
71358591
72579362
74368580
79510217
80248354
85704837
86254425
87964922
89710261
90825425
91119352
93002226
94966928
96306481
97429279
98101587
98304156
98451230
101151399
102287774
103513820
107719029
108695272
109996618
110124300
112239793
112327317
112861597
114199008
116243482
116904595
117230188
118544793
123470810
124001157
126037551
126148805
126728444
127613489
132743453
134786432
135807781
136047254
137950956
141238922
145419786
145647903
147183139
149528426
149898355
153317975
154399291
154510795
157248618
159206211
159622219
160403206
160745933
162686217
163729566
164997380
165498355
166760905
169347746
170546270
171209251
172638428
177323377
177516242
178594381
180422799
180727822
181300456
183361653
189139616
189450894
190815727
194647167
195110623
195341170
198643091
199037468
200800673
202772362
203076946
205455489
205978161
207908313
207908599
209141326
209389192
211044301
211459431
211870874
212594005
213597258
215210964
220099346
220283440
223251420
223312470
224119482
224764410
227388949
229957933
230175567
230582259
230838423
231052372
231150376
233078146
233338055
235077253
237236729
237550384
238436505
239958245
243237706
243832723
246953578
246997285
247824981
248134593
249333643
250889743
253628064
253694030
255110809
258054008
258666533
259058505
261475093
265426677
265858932
270312366
270384118
270628311
271164455
273314895
273805420
274665766
278257453
278785838
280395673
282078848
282150564
282399352
284873617
284966096
287306983
288483877
289977045
290893897
293071766
298167534
300556679
301426793
302844358
303619498
305927255
306580531
307465491
313864909
314743710
315359283
315867686
316348186
318694419
319217255
321071042
322411723
322637537
322932777
324538966
325638202
326069666
327807460
327938150
328296872
334259132
335017357
335073765
335190891
336703930
336737202
337246514
337517295
338059719
338580644
338635793
339216077
343232750
345152702
345166270
348021144
351476138
351869723
352138487
352808275
353843452
353978355
356779044
357956946
359859644
364000006
364265856
364469459
364896850
365420990
365723564
365795198
367025492
369539777
371442582
374082791
374604432
376147895
377338279
380686372
381427672
381806273
381987925
383638023
385317857
386355436
389772180
391470751
393832752
398769306
399138632
400440077
401465875
403086063
404095843
404201459
405969356
406276175
407198660
407276774
408104663
410995584
411515601
412899744
414038877
417996434
418925374
419209754
423185604
424976718
425476501
427404951
427578885
428577625
429070036
430419763
430634883
431434296
436192289
437526094
440428905
440846341
443091710
443434079
443839796
444155963
445630620
447371759
449901690
450129286
450640382
454684246
455395678
456416397
457159512
457177703
459683486
459956177
462869774
466671826
468577348
468687503
468827365
469522982
475053500
475216307
476685070
477194692
477617933
477866965
480224716
481171441
483514372
485650948
486703277
487198927
488567665
489179194
490159743
490664159
490858862
492812207
492945354
497262116
499122683
500011954
500717251
500982396
501039675
501194402
502908547
504982741
506189201
506249295
506254758
509905444
511059277
511139721
512269517
514293190
514653065
520519390
521972463
523867046
526008790
526119369
527238015
528508391
529061086
529947436
532909539
534595980
535122283
535123377
537280161
537821403
540133367
543860934
544559419
549037876
550153418
554427955
554777780
555041405
555858389
558965570
560486700
562748416
562793175
563048445
563720537
563747189
564030582
564861355
566289232
574779016
577813649
577867031
578159454
579445924
581531604
583030292
584271722
586524365
588086593
589418274
596278771
596833844
600040445
600190091
602279132
602665740
603411015
604626490
605178398
608287273
608642968
608774999
609945594
613573188
613701171
615238336
617282613
618679569
621712525
623860263
626261767
626305664
628764182
629415443
630740342
635427123
636330068
638996031
639341656
639348160
639601956
639951624
640463198
645128371
645194384
646291040
647776100
649036033
649113830
655514681
656173551
656232154
656662347
657378137
657917784
660745445
661619934
662273467
664373639
666645236
668126727
669047534
673214580
673712354
673761276
674095268
675503754
676340261
679448450
681135630
682191447
682994602
685768328
685890518
688101444
688267615
688421867
688811058
689845273
690849690
690934501
695205552
696950233
697809688
699109274
699530431
700650926
700751927
703203608
704344294
704856522
707612694
708394994
710217453
710683610
711709034
712219315
713399044
713545861
713675303
715077522
715466607
716439478
716781354
718153513
719231637
719541070
719543520
720211807
720316150
722645107
722935451
723951088
725481264
725666226
727448781
728112791
728268223
729355450
729823006
730291360
734286660
734828716
734915744
736367531
736659850
737474013
738596960
739974038
741191698
741883567
744082387
746967032
747756459
747925425
749563707
750809441
753481489
754381896
754775262
755439159
755583852
757192896
757321014
757994952
758187877
758312052
758965110
760556808
761713177
762751385
763628297
763819924
765401392
766585205
766617761
767787026
769384444
769590833
772926167
773251009
773726603
775499625
775837842
779526956
779531332
784287403
784796869
787978284
789027956
789925346
790143135
793512689
794685097
795312433
796226713
802454649
803505140
803644391
804571444
805463731
805852832
805865301
809620344
810783727
810897280
812137182
812394397
814340189
815691558
817223373
820211024
820642923
820685367
822907575
822958530
823129363
823817005
825739041
826002315
827426062
828516828
830360943
834045145
834541515
834882893
834951159
838369372
842023984
843641134
844994993
847308633
847765385
850035028
852584821
855218041
856086119
856912186
857781697
857947899
859109929
860440685
862553941
863370533
864905747
864951928
866156943
868132308
869102476
869538862
869568236
871339303
871641482
874516460
878445231
880591683
880850911
881332580
882480498
885525675
889655662
890279071
893558377
894703821
894994483
896927244
898563357
900569567
904964908
905659849
907928313
910301531
911753557
911929326
912092239
912847122
913453028
913808194
915311547
916505788
916592872
916611330
917050138
918222862
920722061
920833012
922464027
922631530
922882582
923521699
924224471
927172220
927956398
929779473
935031902
935429669
936805308
937747993
938088858
939224807
940570653
940959918
942327062
943487185
944485728
948513427
949594741
950756191
953305932
955177235
955353069
955570248
956378759
956934690
960793255
962240853
963044114
964498364
965956878
966051915
971075889
971263389
971542892
971692908
976986347
979393157
981944793
982587528
987568924
987932676
988560991
989563976
991798572
997640507
998411131
998869310
1000426847
1001785651
1004802719
1005529368
1008057968
1008137377
1008429984
1009404933
1011688596
1011978633
1013426444
1013826239
1016775381
1016854197
1017292578
1022136269
1027426362
1028354515
1030335484
1031205060
1031475854
1031500835
1035801799
1035847747
1036249281
1037276076
1038488545
1041860332
1043622778
1049338537
1050565321
1051476091
1056088897
1056489161
1060113676
1060781745
1063581576
1067451146
1068685638
1069231368
1070129378
1070135765
1072200988
1073362978
1073828423
1074088467
1074842658
1075344500
1075618155
1079015963
1079034527
1084942094
1085707929
1091188704
1091871383
1092424724
1092760048
1093557647
1095022543
1096823254
1097814237
1098159269
1101307589
1101933026
1103738650
1103784979
1106275596
1109151161
1109504333
1109924639
1110709012
1112683409
1114042788
1114450205
1114645139
1114651532
1115063604
1115280481
1117320266
1119348873
1120315087
1121395062
1121637048
1121831352
1122209482
1123269907
1125826824
1128993775
1130467549
1131767668
1133987236
1135272101
1136771264
1141386595
1141500766
1143470347
1143746439
1143833264
1144557282
1145666127
1146766654
1149845343
1151571377
1153778654
1157950478
1160081111
1162464836
1164945374
1166081536
1168333398
1168645379
1173013055
1174107558
1174146904
1175518320
1182086377
1182912253
1183406875
1185168139
1186214317
1186741709
1187393960
1189103008
1189711343
1191599623
1194229146
1195186613
1195568169
1196192145
1196241419
1199538319
1199581469
1201556868
1204601170
1204925254
1206227193
1208470822
1208810676
1209895415
1212474139
1213544590
1215193849
1215603010
1215827025
1216328151
1216814720
1219105990
1220548642
1220791795
1222631731
1223058731
1227462034
1228886904
1229459407
1230173918
1230331232
1231498064
1231965945
1233815914
1234122566
1234137538
1235408167
1236985820
1238664649
1240555751
1242608543
1243033659
1244384951
1244998720
1245369439
1246150095
1249003066
1249059643
1251568633
1251861430
1252250820
1253064256
1254228756
1255789792
1255859087
1255862563
1256191439
1256523677
1258558014
1258952159
1259186107
1260665062
1261070677
1261869093
1263417744
1264219544
1264510674
1266326347
1267366104
1268221944
1271413990
1273254389
1274491605
1275070313
1275163944
1276154612
1277300869
1280759504
1281898534
1284124661
1284570120
1284686926
1285677798
1285792795
1287130461
1294578308
1297026225
1303845894
1304351355
1304781737
1305522731
1306603250
1307439106
1311002627
1312088501
1314710328
1315069336
1315962508
1316855569
1316914121
1318529402
1318931682
1320026399
1323085383
1323212096
1324938051
1326373183
1327577905
1328094537
1328094884
1329445096
1330649136
1330747880
1331801739
1331972008
1334132174
1335533999
1336644522
1336887367
1337491592
1337647237
1338013301
1339834310
1341440648
1341536376
1344287942
1346799869
1347666376
1349576083
1349688265
1350907702
1352442382
1353103203
1353276739
1358845164
1360861393
1360996837
1364674547
1364732545
1367249622
1367898416
1369431106
1369584993
1370091489
1370824304
1372018939
1374824577
1377801601
1378037586
1378804234
1381992158
1384436605
1385475012
1387288640
1387861556
1388632379
1390144345
1391704688
1391765559
1395839097
1396141520
1399732321
1399744386
1400276055
1400293683
1401568093
1404825642
1405842813
1408437775
1408473387
1409518608
1409896597
1410024687
1412013888
1412107262
1414953206
1415222316
1418691607
1419778664
1422830603
1422893636
1425121326
1425157633
1425245756
1428366800
1428657215
1430421904
1432594860
1433319239
1433613230
1434478584
1434922901
1435090937
1435339702
1437428459
1437841351
1438871048
1439011803
1445774874
1446187228
1446661804
1447357660
1448071613
1449603982
1450134420
1450549698
1455158819
1455351122
1457701049
1458226943
1458265486
1460252093
1461521660
1462009224
1462104681
1462518737
1463073152
1463190846
1463799695
1464153962
1466447311
1466991962
1467155485
1468578596
1469309333
1471290560
1473567109
1473867514
1474940947
1475020298
1477090865
1479324197
1479368475
1479760139
1480684451
1485265175
1485402783
1487366557
1491334069
1491782357
1493136729
1493191217
1494666211
1495023053
1495283948
1495399642
1497305810
1499448362
1505099220
1505430294
1506454919
1512923174
1513622374
1513850206
1516042166
1516538566
1517816622
1518067077
1519497374
1521821324
1522267389
1526983513
1528581472
1530262151
1530853052
1530981533
1533369981
1534837314
1535017175
1538542915
1541923901
1543116973
1543892702
1545101554
1545464694
1545565702
1547752505
1547895065
1549448528
1554890461
1555113354
1557272155
1559176295
1559903011
1561796763
1562717116
1562822283
1563311697
1563318397
1563520799
1570086607
1572548071
1574666696
1575161934
1575900460
1576517816
1577320808
1580793896
1581838749
1582143080
1582521153
1583317219
1586008653
1586512215
1592594135
1596801353
1597826884
1598032766
1598547409
1600211012
1602371128
1603572845
1604320937
1604443071
1608165715
1609029423
1609114654
1609334084
1609484568
1611798543
1613309734
1613418646
1614228742
1617002349
1617436430
1618053979
1618139157
1618897814
1620443502
1623835352
1626790310
1627040568
1627165950
1631278089
1632013735
1632894297
1633629491
1636493525
1637409941
1639984500
1640912716
1641963076
1643354798
1644488140
1645160755
1645305442
1647153406
1651625337
1651875676
1653056958
1654155526
1655379349
1656992321
1657129782
1658295779
1659789341
1660909269
1661016253
1662470456
1665367766
1668191514
1668269347
1668438663
1669852562
1670125616
1671211918
1672302501
1673716526
1676742914
1680826703
1682432048
1688249043
1688416561
1690687243
1690897360
1692824070
1693064993
1695882648
1697316353
1698379618
1699668846
1702504086
1703016739
1703326484
1705129034
1706594494
1707405309
1710266184
1711679225
1712963465
1713684819
1714074048
1716735903
1717339682
1717942797
1719892936
1722305529
1722672327
1723403100
1723721911
1723750909
1723856370
1724438899
1725506443
1731155107
1731991678
1733078813
1734647568
1735427858
1737225489
1738462432
1739053360
1740082399
1741849521
1742199146
1743075878
1744158726
1744328921
1748282632
1748965825
1754231250
1756762093
1756927929
1757035490
1758567430
1758797595
1760211658
1761712278
1762987015
1763670552
1765059984
1765522036
1766512909
1766771679
1768309850
1772110614
1775386267
1776781863
1780856866
1783322215
1784065038
1784796157
1786679670
1791283909
1791642788
1792575884
1793162293
1795591078
1795809675
1795979207
1796658604
1798121969
1799355260
1803395550
1803875260
1804350278
1807560231
1808663146
1809564569
1810317180
1811564628
1813968013
1816213674
1818624472
1819652558
1820127155
1820161856
1820619540
1821212726
1821439671
1821696169
1822596560
1823150718
1824819416
1825129572
1825260644
1825799247
1825946684
1827058652
1828944915
1829064554
1831756670
1833237995
1837294993
1838154548
1838272051
1838717511
1840872733
1840956714
1841644439
1841795695
1845679198
1845874732
1846342500
1848238002
1849037106
1849834781
1850011165
1857011489
1857545152
1857646542
1858323304
1860065709
1860415829
1860982954
1862459011
1862494904
1864553101
1865587383
1865797708
1866762379
1869019189
1869858688
1870034931
1873576840
1875288876
1875511784
1876381365
1876819978
1877572248
1878714238
1879236499
1879717352
1880661759
1881164696
1882538908
1883278903
1883506643
1884150793
1885329974
1886107093
1886749182
1887473991
1889434842
1889867470
1890696364
1891821934
1893097480
1893143502
1894090431
1894596031
1895823201
1896155047
1897852150
1898365012
1902204520
1904477988
1904748027
1906211532
1909096154
1910229156
1911293705
1913427960
1914359704
1917301144
1920254690
1920442490
1920734524
1921992020
1922830193
1923028404
1924332055
1925415454
1925665895
1925811049
1928567067
1933894176
1935577859
1935986991
1936050936
1938540612
1938608199
1939296472
1939686804
1939722054
1940660069
1941769217
1942389830
1942739812
1943384646
1943775995
1943814546
1944138339
1944629968
1945659370
1946720202
1949439063
1950955917
1951020889
1951424614
1951838647
1953395344
1954376473
1955557009
1956762205
1957535778
1959918738
1959982832
1961804301
1964388798
1964425387
1965015818
1967211074
1968127122
1969397456
1970692832
1971563203
1971737492
1972191053
1972990114
1974978698
1975343455
1976184109
1976209926
1976621233
1977223887
1977523555
1979078091
1983886246
1985928134
1986470013
1986572954
1987183753
1987526226
1987563369
1988856153
1989984223
1990279258
1991196877
1992816231
1992920501
1993449055
1995756661
1996459655
1997847626
1998564847
2000001972
2003434211
2003516163
2006670754
2007304025
2007504515
2008875814
2009764421
2011101942
2011501453
2012972471
2013196680
2013693180
2014350974
2014416756
2014535821
2017904323
2018353645
2018923716
2018936787
2021671014
2021851357
2022558804
2023044759
2023100097
2023437589
2026442575
2026666772
2027270907
2028924683
2029791460
2038071147
2038427111
2040298819
2044114976
2044185476
2045529267
2046245832
2047757302
2049002208
2049477565
2050707588
2052494863
2052759510
2053102140
2055090560
2055289361
2056566674
2056587638
2058436746
2058737386
2060001519
2060748653
2061235523
2063118128
2063352077
2064235120
2065806479
2066803284
2066883828
2066905401
2068739146
2069066458
2069648604
2070142525
2071086916
2071682745
2073356494
2073805969
2074348276
2074742494
2075038490
2075742996
2078186120
2078730669
2079504008
2083709360
2083932686
2085037971
2085985398
2087784684
2090721565
2095177229
2095355684
2096910585
2097721601
2098636451
2108570967
2108697551
2111263539
2112588627
2113082994
2114152244
2114248212
2114695828
2118964422
2120052299
2122616946
2124051096
2125456082
2125790276
2127081753
2127163520
2127576819
2128207728
2128303474
2128462826
2129195688
2132954553
2133367502
2134953020
2139230103
2139443321
2140439544
2141048878
2144946567
2145558970
2146950238
2147143085
2147403101
2147483547
