761549
2646403
2949433
3640188
3737694
4675509
6347629
7935441
9067130
10403663
10559101
10732081
11288990
11844249
13071579
13199851
17300357
18073394
19888720
20085987
20229340
21096046
24783039
26523623
27987729
28212774
28679911
35950415
43905750
45037937
45738869
48035097
48770349
49389598
51815696
52029007
53767991
60460271
65235079
67890094
71077871
71639147
73129951
76130633
76604182
77282941
78564278
80504570
82417569
84711580
85075960
85969538
90221418
95055528
97222410
97329253
98712657
101053941
102141626
102728726
105394083
108301848
110113057
110721822
110872466
112235607
112583228
113378843
114695919
116252154
117429671
122500286
122607413
124999045
125777172
127221981
129867103
133642874
139726777
140466493
141599166
142769961
147931582
148176346
151841129
151852664
151988235
152775180
152943526
153343684
154591726
155079138
155681977
156297588
158853264
159978268
161911555
163348883
164864961
166376539
166707105
168750605
169312705
169630544
169914931
171707699
172721288
176756484
176841471
178774921
180008939
181199855
181209840
181239250
181473556
181953151
182660231
184624353
185275594
185512210
185876938
187078716
188709685
189508501
193766406
195183759
196034115
198054181
198520634
199552676
200953663
201409631
201505994
201575764
202034288
202393797
202900054
203149309
203744197
203985850
204060804
204216349
205650780
205803533
206591119
208444793
211206298
212479037
213295971
213565261
213780486
216968662
217591088
218175128
220046647
221147422
222752678
223144774
223895003
227079601
228854645
229271472
229321637
233353999
237305651
238475957
238604064
238869804
238906545
241350737
241695925
241826397
241923050
242799959
244292185
245441713
245555468
246116839
249090603
250288904
250485767
253521164
257400289
257961422
257994304
258196569
258541475
259639517
259786124
260443971
261576356
261966811
264771100
267439402
267601273
269171887
269701523
270275688
271100510
273451503
277516462
277537676
278706738
279543539
280049486
280049846
280663004
281355171
284569936
286336957
286942317
290545726
292066037
293847023
294351649
296792063
297614096
303449705
306513945
307699406
307977608
309714766
310579690
310835730
312229423
312431098
312660528
321097105
325972143
331903836
333443495
334336161
337887240
338354971
339503563
339778392
341068614
341178392
342390135
345936024
347257631
349426662
349765908
351062850
351137400
351320937
355441009
355725889
363484827
365469307
366115708
366543090
367253530
367886262
369045514
369529245
370761720
371236814
372305027
373375597
376605381
377331947
378019941
378122320
379267528
380201768
380808334
381680776
383065565
383736474
384244054
384523677
385769191
387680934
388363352
388889893
390015988
390119811
392085606
394623768
396959264
397013722
397111167
399295840
400909088
401847766
402456027
403110348
404349958
404941048
409048327
410629421
413941747
418274814
419576216
420225430
421247347
423637794
423694380
423920418
424732525
425978980
426546827
426932049
427925077
427987816
429064419
433145364
433608374
435043774
436977005
437540826
438629344
439295418
440661135
441171301
443489739
444093459
447551651
448079574
449493485
449756772
450831720
453760422
455002354
457360700
457403255
458714584
459987096
463375103
465620874
467006668
467315732
474273533
475588022
475888021
476655871
477064639
477123059
480022027
480957500
482737531
486246271
487148257
488090362
490004693
493502981
494693303
495666015
496684245
497997561
498441991
499597307
499950263
500223433
501584876
502295873
503186272
505758014
507194300
507647382
508900401
509867119
509980046
510738506
512617493
513400726
514362901
519495076
520489877
520505829
521467886
521990258
523427877
530033850
530749331
531028255
531488988
531543295
534930367
536063664
538706276
540135517
540392017
540667237
540823336
541524373
543482869
545408680
547330326
549444643
552720083
555156965
555343552
558602875
560101049
561150950
561905594
563386615
565522577
566038580
566695056
567507481
569404004
570996330
571114504
576065796
578429155
579188194
581197633
583184491
583795512
584223928
584639058
586741223
587509625
594815360
596106098
598714171
600134363
600518063
601308419
606560736
606743803
606918562
608934910
609675842
610639593
612123265
615216357
617846049
619116692
621375351
621727480
626985608
629444835
632338938
632961605
635711382
638635235
640359665
644955088
644967802
645606832
647540473
648022035
648366073
648580388
650372336
651669917
654071198
656473916
658003111
658632701
659305468
660045603
660733740
661330524
662048237
662364181
666397387
668928175
669172284
669990501
670148146
670915678
672764470
673291274
674212063
675423715
675938608
677957885
678531029
678730999
678755600
679048191
679376531
681557500
685381775
685575649
686020364
687872785
687974910
692550432
694684221
695080315
697716323
700878212
707429330
708853293
709155783
709297932
709953563
710644001
710926148
711107536
711624031
714899157
717744702
725756247
726405504
728218492
728295804
730127007
732206587
736157874
736164419
736243695
736976364
738529536
739084967
739591978
739735841
740286502
741021660
744152123
745449785
745978080
750243665
751414058
751813432
751838016
755735075
756768879
756842757
757313274
757777405
758342814
759875115
759895047
767378257
767381554
768327995
771180025
771480423
771532245
773345030
775376924
779029280
779384191
780203793
780621455
784212142
784594471
784828094
787111848
787669408
787954447
789052097
790121471
790300740
791172821
791565835
792856343
794295428
797868223
797955199
799768711
800337222
803298525
804329883
806385943
806410255
808447286
812055203
812812365
817869453
821087500
821427226
821716738
824227165
824582854
825581036
826030543
826148700
826705470
826770569
827500950
828060585
828700854
829547462
829574832
829865942
830149143
830225412
831838585
832854522
836525249
838697423
841233325
842152921
842497942
843992958
844152974
844384083
844894586
846547857
851565092
851761378
853840415
854031792
854892842
856608273
857612873
857863870
859941338
859993053
865254088
865505502
865660345
868513283
874194271
874967173
877794778
878745050
880048203
881657856
884570755
886041828
887708542
890315505
891805349
891889244
892005757
892406640
893911289
894457726
898593267
900180729
904209131
904748900
906392694
908358337
909451738
910805046
912676508
913116188
914182021
914476481
915001472
915607966
917045241
917548551
917865875
918473740
918938734
922040163
923905094
924646713
925554739
928452274
928467182
929530260
930144296
931498773
932259467
932412819
933990688
935924533
937927047
938795802
941923846
943125952
943273759
943324452
943975943
944706486
945224932
945422958
945877137
945911796
949733207
950130212
950353752
950819693
957581531
960623730
963050596
965449273
966133529
966258847
968417644
969855394
973756569
974021257
975510711
976578964
977275056
979305276
981303855
982320961
982659614
983534968
983598413
984674453
989065460
989735172
990346258
992451858
996001747
996028882
997030426
998561538
1000089860
1003620703
1003742802
1006547132
1007277057
1008070754
1009254120
1019161538
1021848073
1023846914
1024542830
1026723371
1027533307
1027675413
1028313873
1028842460
1029123489
1029329239
1029984945
1029992591
1031604328
1032196474
1033548885
1034752005
1035926252
1037374497
1038595563
1040538480
1047521109
1048711402
1049302542
1049982694
1050749177
1053063239
1054350470
1056077523
1056750431
1057382837
1057755063
1057775759
1057788993
1058712863
1059266997
1063726620
1064518199
1064665581
1065420346
1065652117
1069753441
1071307455
1071971664
1072099014
1074395729
1075208055
1075352384
1076302680
1077340752
1077522677
1078890711
1079433180
1082627948
1083365258
1084504794
1084838969
1084896210
1086685202
1087431272
1089688174
1090335978
1090395416
1091367189
1091776125
1093550630
1094350030
1094812613
1096974970
1098724050
1099838124
1100464070
1101561164
1102832436
1106378624
1107424596
1112828554
1115441627
1115459496
1116847595
1118272768
1118960288
1119185023
1120633081
1123868537
1125267918
1125310606
1126024820
1127396563
1127794463
1129055889
1129477628
1130421509
1134465066
1134662687
1137112642
1138617223
1141081062
1144193669
1146244387
1146792735
1146880206
1147202536
1147457704
1147802866
1153139767
1156813442
1158569291
1162073999
1164997125
1167453404
1167956390
1168011385
1170133935
1172237998
1177808095
1177860398
1179251114
1179300149
1182304169
1182432231
1183765037
1184242163
1185477863
1185723693
1186285195
1186722715
1186848215
1188373681
1189285567
1190823985
1192043598
1192866564
1193493282
1195003302
1195748614
1196549294
1199815569
1200129754
1201099706
1207563440
1207616758
1207887487
1208133584
1208565684
1209484779
1210509799
1213129239
1214925233
1214945804
1215035277
1216274310
1217045019
1217313449
1219314044
1220322562
1221796155
1222801017
1224575869
1224774241
1230287704
1230770904
1235319240
1236503970
1238309036
1238795208
1239609955
1240030393
1240973432
1241380146
1241442081
1243436511
1246607236
1248788336
1252256110
1257118957
1257535803
1257640607
1258390700
1258540487
1258854577
1259368840
1260551830
1262178763
1262264018
1264491444
1264765171
1265629551
1266555309
1268060407
1268580341
1269442371
1270871068
1272484306
1272620981
1273973503
1275160794
1275302881
1275828786
1276679225
1276850923
1278189352
1278751114
1281745989
1282068263
1283236222
1283667720
1284008570
1284691862
1286209186
1286683594
1288180851
1288252386
1288402571
1289287177
1289631940
1290492536
1291344232
1291690236
1292322440
1293838894
1295020790
1295187989
1296843768
1297078186
1301696268
1304530089
1306284627
1307452923
1308286199
1309378249
1309486349
1316143613
1316427518
1318502254
1318819866
1319400731
1319820792
1321821286
1322062246
1323987935
1324760744
1325952584
1328467869
1333639970
1335678555
1335878499
1336760480
1342331327
1346211534
1346705549
1348175552
1348532580
1354552692
1355182549
1356009485
1356058517
1357417198
1362939003
1362987948
1364007018
1366875430
1369011512
1369031871
1371199198
1371326032
1371711710
1372279617
1372383829
1374660217
1375046204
1375416710
1377441613
1377466842
1377912339
1379037224
1380071071
1383383868
1384597272
1386256529
1386620694
1386901317
1387520721
1388559756
1390370389
1392928833
1394983257
1395261085
1395543476
1397666021
1401954058
1402114898
1405589359
1405783049
1406822690
1407690678
1408179758
1412041240
1414444171
1416687567
1417325257
1418070029
1419755011
1420642617
1422334244
1423256376
1425438138
1432385916
1432637364
1433624715
1433848032
1437524851
1440783907
1443211917
1443760835
1449182681
1450122779
1451328943
1451900695
1452272040
1453790282
1456008709
1457876316
1458374126
1459419318
1460341860
1460846236
1462252593
1463850235
1464744627
1466428395
1467175341
1470080454
1471667304
1471700682
1475647085
1476455597
1477362768
1477648129
1479965966
1480899331
1482756113
1485247471
1487519665
1488272137
1489602003
1491053900
1491478355
1493290015
1496764044
1500896510
1503352480
1503661951
1504233562
1506564455
1507207077
1507465658
1509006339
1509911008
1514473101
1515067702
1515867837
1516036833
1516672333
1517784600
1519460355
1521353083
1522031376
1522309385
1522796744
1523767291
1523836193
1526727734
1527883169
1529679354
1531466916
1532016060
1532413746
1537918600
1539021787
1541127962
1542730816
1544645507
1544754003
1546419652
1547121587
1548456186
1551698952
1552091600
1552392902
1556828061
1560681304
1563862999
1564459533
1567549923
1568015043
1568095938
1568267792
1570214469
1572179119
1572759473
1573950564
1575105255
1584975478
1586190889
1588444063
1589447884
1595190858
1595266170
1598985713
1601053604
1601268325
1603243021
1604007270
1604917294
1610246398
1610724706
1611318107
1613129748
1614331879
1616840062
1618361094
1621664979
1624065034
1627674950
1632469690
1632912579
1633842325
1634826049
1636851393
1637061037
1640954754
1642441939
1642477349
1644923513
1647048573
1647233481
1647652878
1650376887
1651256911
1652218873
1655207715
1656418357
1659236210
1660235375
1664199030
1665203928
1665888662
1668406446
1669469186
1669921510
1672618242
1672870381
1675107895
1675743981
1675964321
1676910116
1678689548
1680717813
1681996262
1682214819
1684769107
1684892080
1689402155
1690690334
1691857113
1692617185
1692999116
1698829009
1700242003
1700292600
1701591635
1704029849
1704195137
1705448913
1707175486
1707592289
1708637893
1709298479
1710841216
1710929906
1711731387
1712509885
1712946328
1713879147
1715559501
1716116836
1716740906
1722631752
1724236258
1726422324
1727325279
1727468816
1728362999
1729337245
1732277181
1733163370
1735701524
1738041016
1738253437
1738329348
1739504160
1740432589
1741128494
1742104939
1743804794
1748404469
1748996770
1750678344
1752415269
1755619176
1756153400
1762783107
1763327937
1763483416
1764068648
1764785158
1765686457
1765908674
1766134491
1767109134
1767961486
1768278536
1769464177
1769708807
1771473928
1773827264
1774535486
1777535231
1780155978
1780848627
1781425699
1782043485
1785212456
1785676320
1786406273
1787581047
1789825094
1790874709
1790905489
1790924285
1791579100
1792987590
1795269430
1796275863
1798721835
1800165008
1802087155
1802782272
1805954764
1809525467
1809704492
1811549095
1812267259
1812854309
1815893079
1816413962
1817976410
1817996260
1818569748
1821025629
1822160661
1822349880
1822832055
1823379581
1824081086
1824576461
1825076814
1825994303
1827057713
1829459895
1829895202
1830913425
1833742770
1835100460
1836453672
1836807779
1837673478
1839352589
1841470467
1841739952
1842778325
1843830613
1844385841
1845583894
1845757630
1847736768
1849949580
1857244771
1858003681
1858683436
1862658159
1862848640
1863457489
1864667118
1866732269
1867084800
1867285832
1867679051
1867761865
1869295044
1871456577
1872009042
1872280405
1875626448
1876442134
1876551258
1876879775
1877046943
1877731530
1891965422
1892074727
1893472384
1894122481
1898580459
1899355270
1899536278
1899636679
1902659392
1903670209
1904000556
1904029314
1904857761
1906220258
1907498562
1907594112
1908467274
1909082943
1910961031
1912516359
1915941799
1916221312
1917843450
1918412826
1921725417
1922371384
1927060057
1929172702
1931254027
1931496920
1932557342
1935450106
1935593607
1935643710
1936375603
1937053249
1937902025
1940073252
1942267349
1942465191
1946170009
1951038958
1956647535
1957920729
1958064872
1960089886
1961009579
1961280820
1964510943
1967345843
1968473906
1969013290
1970065709
1971470344
1972932661
1973837975
1975572760
1976129180
1977111358
1977365146
1981762662
1981765709
1985822122
1985930784
1986188405
1988266331
1991382101
1991749671
1992246165
1992435178
1994719532
1998230464
1999856748
2001979273
2004080672
2012355660
2012952350
2014402588
2016318703
2017121356
2017986240
2022205073
2023330272
2023427217
2024362995
2026533783
2028026555
2028640066
2030097718
2031046312
2031092218
2033970118
2034116856
2036163686
2036195632
2036571053
2037300955
2039447718
2041639319
2045001825
2047006234
2048211238
2048394009
2050031916
2050372859
2053753806
2055696487
2057870715
2058257116
2058992624
2059506652
2060330450
2063997115
2066614648
2066970715
2066988038
2068575851
2069980368
2070961455
2072560273
2077211682
2077231596
2077267147
2077421350
2077933781
2078012940
2081036306
2082655080
2086321801
2086355981
2088986209
2089547809
2090470749
2090885937
2091377886
2094895244
2097561006
2098067543
2099167081
2100839930
2103048464
2103399774
2104030764
2107591437
2109457657
2110319229
2113778553
2114006308
2114950287
2115384282
2118312434
2118314698
2119696893
2120157159
2120744618
2120818663
2122660927
2124287135
2126311378
2126799988
2128209327
2128865545
2129131625
2129491114
2132502720
2135337026
2138393906
2138974272
2140393889
2140813976
2140966903
2141947667
2142152587
2143113609
2146067726
2146915996
